[(-50, 0.05278577), (-49, 0.05278577), (-48, 0.05278577), (-47, 0.05278577), (-46, 0.05278577),
(-45, 0.05278577), (-44, 0.05278577), (-43, 0.05278577), (-42, 0.05278577), (-41, 0.05278577),
(-40, 0.05278577), (-39, 0.05278577), (-38, 0.06598221), (-37, 0.06598221), (-36, 0.06598221),
(-35, 0.05278577), (-34, 0.05278577), (-33, 0.05278577), (-32, 0.05278577), (-31, 0.05278577),
(-30, 0.07917866), (-29, 0.07917866), (-28, 0.07917866), (-27, 0.0923751), (-26, 0.0923751),
(-25, 0.0923751), (-24, 0.0923751), (-23, 0.0923751), (-22, 0.0923751), (-21, 0.0923751),
(-20, 0.0923751), (-19, 0.07917866), (-18, 0.07917866), (-17, 0.07917866), (-16, 0.0923751),
(-15, 0.0923751), (-14, 0.0923751), (-13, 0.0923751), (-12, 0.0923751), (-11, 0.0923751),
(-10, 0.0923751), (-9, 0.0923751), (-8, 0.06598221), (-7, 0.06598221), (-6, 0.06598221),
(-5, 0.05278577), (-4, 0.05278577), (-3, 0.05278577), (-2, 0.06598221), (-1, 0.06598221),
(0, 0.05278577), (1, 0.05278577), (2, 0.05278577), (3, 0.03958933), (4, 0.03958933), (5, 0.03958933),
(6, 0.03958933), (7, 0.05278577), (8, 0.05278577), (9, 0.05278577), (10, 0.05278577), (11, 0.03958933),
(12, 0.03958933), (13, 0.03958933), (14, 0.03958933), (15, 0.06598221), (16, 0.06598221), (17, 0.05278577),
(18, 0.05278577), (19, 0.05278577), (20, 0.05278577), (21, 0.05278577), (22, 0.05278577), (23, 0.03958933),
(24, 0.03958933), (25, 0.03958933), (26, 0.03958933), (27, 0.03958933), (28, 0.03958933), (29, 0.03958933),
(30, 0.03958933), (31, 0.03958933), (32, 0.03958933), (33, 0.03958933), (34, 0.03958933), (35, 0.03958933),
(36, 0.03958933), (37, 0.03958933), (38, 0.03958933), (39, 0.03958933), (40, 0.03958933), (41, 0.03958933),
(42, 0.03958933), (43, 0.03958933), (44, 0.03958933), (45, 0.03958933), (46, 0.03958933), (47, 0.03958933),
(48, 0.06598221), (49, 0.06598221), (50, 0.06598221)]
0.0923751
158.2324 ✓
----------------------------------
[(-50, 0.05278577), (-49, 0.05278577), (-48, 0.05278577), (-47, 0.05278577), (-46, 0.05278577),
(-45, 0.05278577), (-44, 0.05278577), (-43, 0.05278577), (-42, 0.05278577), (-41, 0.05278577),
(-40, 0.05278577), (-39, 0.05278577), (-38, 0.06598221), (-37, 0.06598221), (-36, 0.06598221),
(-35, 0.06598221), (-34, 0.06598221), (-33, 0.06598221), (-32, 0.06598221), (-31, 0.06598221),
(-30, 0.06598221), (-29, 0.06598221), (-28, 0.06598221), (-27, 0.06598221), (-26, 0.06598221),
(-25, 0.06598221), (-24, 0.06598221), (-23, 0.06598221), (-22, 0.06598221), (-21, 0.06598221),
(-20, 0.06598221), (-19, 0.05278577), (-18, 0.05278577), (-17, 0.05278577), (-16, 0.05278577),
(-15, 0.05278577), (-14, 0.05278577), (-13, 0.03958933), (-12, 0.03958933), (-11, 0.03958933),
(-10, 0.03958933), (-9, 0.03958933), (-8, 0.03958933), (-7, 0.03958933), (-6, 0.03958933),
(-5, 0.05278577), (-4, 0.05278577), (-3, 0.05278577), (-2, 0.05278577), (-1, 0.05278577),
(0, 0.06598221), (1, 0.06598221), (2, 0.06598221), (3, 0.06598221), (4, 0.06598221), (5, 0.06598221),
(6, 0.05278577), (7, 0.05278577), (8, 0.05278577), (9, 0.06598221), (10, 0.06598221), (11, 0.06598221),
(12, 0.0923751), (13, 0.0923751), (14, 0.0923751), (15, 0.0923751), (16, 0.0923751), (17, 0.0923751),
(18, 0.0923751), (19, 0.0923751), (20, 0.07917866), (21, 0.07917866), (22, 0.06598221), (23, 0.06598221),
(24, 0.06598221), (25, 0.06598221), (26, 0.0923751), (27, 0.0923751), (28, 0.0923751), (29, 0.0923751),
(30, 0.0923751), (31, 0.0923751), (32, 0.0923751), (33, 0.07917866), (34, 0.07917866), (35, 0.07917866),
(36, 0.07917866), (37, 0.05278577), (38, 0.05278577), (39, 0.06598221), (40, 0.06598221), (41, 0.06598221),
(42, 0.05278577), (43, 0.05278577), (44, 0.05278577), (45, 0.03958933), (46, 0.03958933), (47, 0.03958933),
(48, 0.03958933), (49, 0.03958933), (50, 0.03958933)]
0.0923751
137.688 ✓
----------------------------------
[(-50, 0.01319644), (-49, 0.01319644), (-48, 0.01319644), (-47, 0.01319644), (-46, 0.01319644),
(-45, 0.01319644), (-44, 0.01319644), (-43, 0.01319644), (-42, 0.01319644), (-41, 0.01319644),
(-40, 0.01319644), (-39, 0.01319644), (-38, 0.01319644), (-37, 0.01319644), (-36, 0.01319644),
(-35, 0.01319644), (-34, 0.01319644), (-33, 0.01319644), (-32, 0.01319644), (-31, 0.01319644),
(-30, 0.01319644), (-29, 0.01319644), (-28, 0.01319644), (-27, 0.01319644), (-26, 0.01319644),
(-25, 0.01319644), (-24, 0.01319644), (-23, 0.01319644), (-22, 0.01319644), (-21, 0.02639288),
(-20, 0.02639288), (-19, 0.02639288), (-18, 0.02639288), (-17, 0.02639288), (-16, 0.03958933),
(-15, 0.03958933), (-14, 0.03958933), (-13, 0.03958933), (-12, 0.03958933), (-11, 0.03958933),
(-10, 0.03958933), (-9, 0.03958933), (-8, 0.03958933), (-7, 0.05278577), (-6, 0.05278577),
(-5, 0.05278577), (-4, 0.05278577), (-3, 0.05278577), (-2, 0.05278577), (-1, 0.05278577),
(0, 0.05278577), (1, 0.06598221), (2, 0.06598221), (3, 0.06598221), (4, 0.06598221), (5, 0.06598221),
(6, 0.06598221), (7, 0.06598221), (8, 0.06598221), (9, 0.06598221), (10, 0.06598221), (11, 0.06598221),
(12, 0.06598221), (13, 0.06598221), (14, 0.06598221), (15, 0.06598221), (16, 0.06598221), (17, 0.06598221),
(18, 0.06598221), (19, 0.06598221), (20, 0.05278577), (21, 0.05278577), (22, 0.05278577), (23, 0.05278577),
(24, 0.05278577), (25, 0.05278577), (26, 0.05278577), (27, 0.05278577), (28, 0.05278577), (29, 0.03958933),
(30, 0.03958933), (31, 0.03958933), (32, 0.03958933), (33, 0.03958933), (34, 0.03958933), (35, 0.03958933),
(36, 0.03958933), (37, 0.03958933), (38, 0.03958933), (39, 0.03958933), (40, 0.05278577), (41, 0.05278577),
(42, 0.05278577), (43, 0.05278577), (44, 0.05278577), (45, 0.05278577), (46, 0.05278577), (47, 0.05278577),
(48, 0.05278577), (49, 0.05278577), (50, 0.05278577)]
0.06598221
144.375 ✓
----------------------------------
[(-50, 0.02639288), (-49, 0.02639288), (-48, 0.02639288), (-47, 0.02639288), (-46, 0.02639288),
(-45, 0.02639288), (-44, 0.02639288), (-43, 0.02639288), (-42, 0.02639288), (-41, 0.02639288),
(-40, 0.02639288), (-39, 0.02639288), (-38, 0.02639288), (-37, 0.02639288), (-36, 0.02639288),
(-35, 0.02639288), (-34, 0.02639288), (-33, 0.02639288), (-32, 0.02639288), (-31, 0.02639288),
(-30, 0.02639288), (-29, 0.02639288), (-28, 0.02639288), (-27, 0.02639288), (-26, 0.02639288),
(-25, 0.01319644), (-24, 0.01319644), (-23, 0.01319644), (-22, 0.01319644), (-21, 0.01319644),
(-20, 0.01319644), (-19, 0.01319644), (-18, 0.01319644), (-17, 0.01319644), (-16, 0.01319644),
(-15, 0.01319644), (-14, 0.01319644), (-13, 0.01319644), (-12, 0.01319644), (-11, 0.01319644),
(-10, 0.01319644), (-9, 0.01319644), (-8, 0.01319644), (-7, 0.01319644), (-6, 0.01319644),
(-5, 0.01319644), (-4, 0.01319644), (-3, 0.01319644), (-2, 0.01319644), (-1, 0.01319644),
(0, 0.01319644), (1, 0.01319644), (2, 0.01319644), (3, 0.01319644), (4, 0.01319644), (5, 0.01319644),
(6, 0.01319644), (7, 0.01319644), (8, 0.01319644), (9, 0.01319644), (10, 0.01319644), (11, 0.01319644),
(12, 0.01319644), (13, 0.01319644), (14, 0.01319644), (15, 0.01319644), (16, 0.01319644), (17, 0.01319644),
(18, 0.01319644), (19, 0.01319644), (20, 0.01319644), (21, 0.01319644), (22, 0.02639288), (23, 0.02639288),
(24, 0.02639288), (25, 0.02639288), (26, 0.02639288), (27, 0.03958933), (28, 0.03958933), (29, 0.03958933),
(30, 0.03958933), (31, 0.03958933), (32, 0.03958933), (33, 0.03958933), (34, 0.03958933), (35, 0.03958933),
(36, 0.05278577), (37, 0.05278577), (38, 0.05278577), (39, 0.05278577), (40, 0.05278577), (41, 0.05278577),
(42, 0.05278577), (43, 0.05278577), (44, 0.05278577), (45, 0.05278577), (46, 0.05278577), (47, 0.06598221),
(48, 0.06598221), (49, 0.06598221), (50, 0.06598221)]
0.06598221
119.8022 ✓
----------------------------------
[(-50, 0.06598221), (-49, 0.06598221), (-48, 0.06598221), (-47, 0.06598221), (-46, 0.06598221),
(-45, 0.06598221), (-44, 0.06598221), (-43, 0.06598221), (-42, 0.06598221), (-41, 0.06598221),
(-40, 0.06598221), (-39, 0.06598221), (-38, 0.06598221), (-37, 0.06598221), (-36, 0.05278577),
(-35, 0.05278577), (-34, 0.05278577), (-33, 0.06598221), (-32, 0.06598221), (-31, 0.07917866),
(-30, 0.07917866), (-29, 0.07917866), (-28, 0.07917866), (-27, 0.07917866), (-26, 0.07917866),
(-25, 0.06598221), (-24, 0.06598221), (-23, 0.06598221), (-22, 0.06598221), (-21, 0.06598221),
(-20, 0.06598221), (-19, 0.05278577), (-18, 0.05278577), (-17, 0.05278577), (-16, 0.07917866),
(-15, 0.07917866), (-14, 0.07917866), (-13, 0.07917866), (-12, 0.07917866), (-11, 0.06598221),
(-10, 0.06598221), (-9, 0.06598221), (-8, 0.05278577), (-7, 0.05278577), (-6, 0.02639288),
(-5, 0.02639288), (-4, 0.02639288), (-3, 0.02639288), (-2, 0.02639288), (-1, 0.02639288),
(0, 0.02639288), (1, 0.02639288), (2, 0.02639288), (3, 0.02639288), (4, 0.02639288), (5, 0.02639288),
(6, 0.02639288), (7, 0.02639288), (8, 0.01319644), (9, 0.01319644), (10, 0.01319644), (11, 0.02639288),
(12, 0.02639288), (13, 0.02639288), (14, 0.02639288), (15, 0.02639288), (16, 0.02639288), (17, 0.01319644),
(18, 0.01319644), (19, 0.01319644), (20, 0.01319644), (21, 0.01319644), (22, 0.01319644), (23, 0.01319644),
(24, 0.01319644), (25, 0.01319644), (26, 0.01319644), (27, 0.01319644), (28, 0.01319644), (29, 0.01319644),
(30, 0.01319644), (31, 0.01319644), (32, 0.01319644), (33, 0.02639288), (34, 0.02639288), (35, 0.02639288),
(36, 0.01319644), (37, 0.01319644), (38, 0.01319644), (39, 0.01319644), (40, 0.01319644), (41, 0.01319644),
(42, 0.01319644), (43, 0.01319644), (44, 0.01319644), (45, 0.01319644), (46, 0.01319644), (47, 0.01319644),
(48, 0.01319644), (49, 0.01319644), (50, 0.01319644)]
0.07917866
159.6826 ✓
----------------------------------
[(-50, 0.05278577), (-49, 0.05278577), (-48, 0.05278577), (-47, 0.05278577), (-46, 0.05278577),
(-45, 0.05278577), (-44, 0.05278577), (-43, 0.05278577), (-42, 0.06598221), (-41, 0.06598221),
(-40, 0.06598221), (-39, 0.06598221), (-38, 0.06598221), (-37, 0.06598221), (-36, 0.06598221),
(-35, 0.06598221), (-34, 0.05278577), (-33, 0.05278577), (-32, 0.05278577), (-31, 0.05278577),
(-30, 0.05278577), (-29, 0.05278577), (-28, 0.05278577), (-27, 0.05278577), (-26, 0.05278577),
(-25, 0.05278577), (-24, 0.05278577), (-23, 0.05278577), (-22, 0.05278577), (-21, 0.05278577),
(-20, 0.06598221), (-19, 0.06598221), (-18, 0.06598221), (-17, 0.06598221), (-16, 0.06598221),
(-15, 0.06598221), (-14, 0.06598221), (-13, 0.06598221), (-12, 0.06598221), (-11, 0.06598221),
(-10, 0.06598221), (-9, 0.06598221), (-8, 0.06598221), (-7, 0.06598221), (-6, 0.06598221),
(-5, 0.06598221), (-4, 0.06598221), (-3, 0.06598221), (-2, 0.06598221), (-1, 0.06598221),
(0, 0.06598221), (1, 0.06598221), (2, 0.06598221), (3, 0.06598221), (4, 0.06598221), (5, 0.06598221),
(6, 0.05278577), (7, 0.05278577), (8, 0.06598221), (9, 0.06598221), (10, 0.06598221), (11, 0.07917866),
(12, 0.07917866), (13, 0.07917866), (14, 0.07917866), (15, 0.07917866), (16, 0.05278577), (17, 0.05278577),
(18, 0.05278577), (19, 0.05278577), (20, 0.05278577), (21, 0.05278577), (22, 0.05278577), (23, 0.05278577),
(24, 0.06598221), (25, 0.06598221), (26, 0.06598221), (27, 0.06598221), (28, 0.06598221), (29, 0.06598221),
(30, 0.05278577), (31, 0.05278577), (32, 0.05278577), (33, 0.05278577), (34, 0.05278577), (35, 0.05278577),
(36, 0.02639288), (37, 0.02639288), (38, 0.02639288), (39, 0.02639288), (40, 0.02639288), (41, 0.02639288),
(42, 0.02639288), (43, 0.02639288), (44, 0.02639288), (45, 0.02639288), (46, 0.02639288), (47, 0.02639288),
(48, 0.02639288), (49, 0.02639288), (50, 0.01319644)]
0.07917866
139.1382
----------------------------------
[(-50, 0.03958933), (-49, 0.03958933), (-48, 0.03958933), (-47, 0.03958933), (-46, 0.03958933),
(-45, 0.03958933), (-44, 0.03958933), (-43, 0.03958933), (-42, 0.03958933), (-41, 0.03958933),
(-40, 0.05278577), (-39, 0.05278577), (-38, 0.05278577), (-37, 0.06598221), (-36, 0.06598221),
(-35, 0.06598221), (-34, 0.03958933), (-33, 0.03958933), (-32, 0.03958933), (-31, 0.03958933),
(-30, 0.03958933), (-29, 0.05278577), (-28, 0.05278577), (-27, 0.05278577), (-26, 0.03958933),
(-25, 0.03958933), (-24, 0.03958933), (-23, 0.03958933), (-22, 0.03958933), (-21, 0.03958933),
(-20, 0.03958933), (-19, 0.03958933), (-18, 0.03958933), (-17, 0.03958933), (-16, 0.03958933),
(-15, 0.03958933), (-14, 0.03958933), (-13, 0.03958933), (-12, 0.03958933), (-11, 0.03958933),
(-10, 0.05278577), (-9, 0.05278577), (-8, 0.05278577), (-7, 0.05278577), (-6, 0.05278577),
(-5, 0.05278577), (-4, 0.06598221), (-3, 0.06598221), (-2, 0.06598221), (-1, 0.06598221),
(0, 0.06598221), (1, 0.06598221), (2, 0.06598221), (3, 0.06598221), (4, 0.06598221), (5, 0.06598221),
(6, 0.06598221), (7, 0.05278577), (8, 0.05278577), (9, 0.05278577), (10, 0.05278577), (11, 0.05278577),
(12, 0.05278577), (13, 0.05278577), (14, 0.05278577), (15, 0.05278577), (16, 0.05278577), (17, 0.05278577),
(18, 0.05278577), (19, 0.05278577), (20, 0.05278577), (21, 0.06598221), (22, 0.06598221), (23, 0.06598221),
(24, 0.06598221), (25, 0.06598221), (26, 0.06598221), (27, 0.05278577), (28, 0.05278577), (29, 0.05278577),
(30, 0.05278577), (31, 0.05278577), (32, 0.05278577), (33, 0.05278577), (34, 0.05278577), (35, 0.06598221),
(36, 0.06598221), (37, 0.06598221), (38, 0.06598221), (39, 0.06598221), (40, 0.05278577), (41, 0.05278577),
(42, 0.05278577), (43, 0.06598221), (44, 0.06598221), (45, 0.06598221), (46, 0.06598221), (47, 0.06598221),
(48, 0.06598221), (49, 0.06598221), (50, 0.06598221)]
0.06598221
163.2275
----------------------------------
[(-50, 0.05278577), (-49, 0.05278577), (-48, 0.05278577), (-47, 0.05278577), (-46, 0.05278577),
(-45, 0.05278577), (-44, 0.05278577), (-43, 0.05278577), (-42, 0.05278577), (-41, 0.05278577),
(-40, 0.03958933), (-39, 0.03958933), (-38, 0.05278577), (-37, 0.05278577), (-36, 0.05278577),
(-35, 0.03958933), (-34, 0.03958933), (-33, 0.03958933), (-32, 0.05278577), (-31, 0.05278577),
(-30, 0.05278577), (-29, 0.05278577), (-28, 0.05278577), (-27, 0.05278577), (-26, 0.05278577),
(-25, 0.05278577), (-24, 0.03958933), (-23, 0.03958933), (-22, 0.03958933), (-21, 0.03958933),
(-20, 0.03958933), (-19, 0.03958933), (-18, 0.03958933), (-17, 0.03958933), (-16, 0.03958933),
(-15, 0.03958933), (-14, 0.03958933), (-13, 0.03958933), (-12, 0.03958933), (-11, 0.03958933),
(-10, 0.03958933), (-9, 0.03958933), (-8, 0.03958933), (-7, 0.03958933), (-6, 0.03958933), (-5, 0.03958933),
(-4, 0.03958933), (-3, 0.03958933), (-2, 0.03958933), (-1, 0.03958933), (0, 0.03958933), (1, 0.03958933),
(2, 0.06598221), (3, 0.06598221), (4, 0.06598221), (5, 0.06598221), (6, 0.06598221), (7, 0.05278577),
(8, 0.05278577), (9, 0.05278577), (10, 0.03958933), (11, 0.03958933), (12, 0.05278577), (13, 0.05278577),
(14, 0.05278577), (15, 0.03958933), (16, 0.03958933), (17, 0.03958933), (18, 0.03958933), (19, 0.03958933),
(20, 0.03958933), (21, 0.03958933), (22, 0.03958933), (23, 0.03958933), (24, 0.03958933), (25, 0.03958933),
(26, 0.03958933), (27, 0.03958933), (28, 0.03958933), (29, 0.03958933), (30, 0.03958933), (31, 0.03958933),
(32, 0.03958933), (33, 0.03958933), (34, 0.03958933), (35, 0.05278577), (36, 0.05278577), (37, 0.05278577),
(38, 0.05278577), (39, 0.05278577), (40, 0.06598221), (41, 0.06598221), (42, 0.06598221), (43, 0.06598221),
(44, 0.06598221), (45, 0.06598221), (46, 0.05278577), (47, 0.05278577), (48, 0.05278577), (49, 0.05278577),
(50, 0.05278577)]
0.06598221
144.2944
----------------------------------
8.232422
TurnType.RIGHT (1)